47,1
47,3
25,1
25,3
3,2
3,1
3,3
10,205
10,281
10,117
10,9
10,119
10,173
10,121
10,177
11,15
8,14
8,17
8,7
21,3
21,2
21,1
21,0
20,3
20,2
20,1
19,3
19,2
19,1
12,3
12,2
12,1
11,28
11,25
11,23
11,22
11,21
11,20
11,19
11,12
11,11
11,9
11,7
11,5
11,3
11,2
11,1
10,296
10,289
10,286
10,260
10,250
10,240
10,217
10,215
10,193
10,183
10,160
10,143
10,99
10,91
10,24
10,8
10,3
10,2
10,1
9,7
9,6
9,5
9,4
9,3
9,2
9,1
8,18
8,16
8,15
8,12
18,1
18,3
8,10
8,9
8,6
8,4
8,3
8,2
8,1
7,13
7,12
7,11
7,10
7,9
7,8
7,7
7,6
7,5
7,4
7,1
6,7
6,6
6,5
6,4
6,1
4,88
4,87
4,86
4,85
4,84
4,83
4,82
4,81
4,80
4,79
