0,461
0,460
0,386
75,2
3,2
3,1
3,3
10,304
10,88
10,122
10,280
10,292
10,132
10,66
10,248
9,6
9,4
8,18
8,11
8,12
8,4
8,13
20,3
20,2
20,1
19,3
19,2
19,1
18,1
12,3
18,3
12,2
12,1
11,29
11,28
11,27
11,26
11,25
11,24
11,23
11,22
11,21
11,20
11,19
11,18
11,17
11,16
11,15
11,14
11,13
11,12
11,11
11,10
11,9
11,8
11,7
11,6
11,5
11,4
11,3
11,2
11,1
11,0
10,313
10,312
10,310
10,309
10,305
10,303
10,287
10,275
10,273
10,267
10,257
10,243
10,234
10,214
10,209
10,207
10,155
10,133
10,127
10,95
10,67
10,15
10,3
2,2
10,2
2,1
10,1
2,3
9,7
9,3
